       0     2084      310
       1     2082      310
       2     2037      310
       3     2083      310
       4     2083      310
       5     2083      310
       6     2083      310
       7     2084      310
       8     2102      310
       9     1293      310
      10     2097      310
      11     2272      310
      12     2084      310
      13     2092      310
      14     2034      310
      15     1345      310
      16     2083      310
      17     2083      310
      18     2093      310
      19     2086      310
      20     2037      310
      21     2084      310
      22     2084      310
      23     2080      310
      24     2083      310
      25     2082      310
      26     2206      310
      27     1209      310
      28      686      310
      29      172      310
      30      138      310
      31     2082      255
      32     1887      155
      33     2084      154
      34     2158      297
      35     2077      155
      36     2083       59
      37     2089       60
      38      827       60
      39     2122       58
      40      523       59
      41     2082       59
      42     2158       58
      43     2084       58
      44     2038       58
      45     2093       57
      46     2072       58
      47     2103       57
      48     2082       57
      49     2083       57
      50     2086       57
      51      629       57
      52     2082       57
      53     1718       57
      54     2157       57
      55     1992       57
      56     2083       57
      57      218       57
      58      250       57
      59      253       57
      60      119       57
      61       77       57
      62       66       57
      63       65       56
      64       61       57
      65       58       56
      66       55       57
      67       53       56
      68       49       57
      69       49       56
      70       34       57
      71       70       57
      72       76       57
      73      825       57
      74     2082       56
      75      515       57
      76     2082       57
      77     2084       57
      78     2084       57
      79      170       57
      80      109       57
      81      106       57
      82       79       57
      83     2150       57
      84     2107       57
      85     2084       57
      86      514       57
      87     2193       57
      88     1686       58
      89     2102       58
      90     2044       58
      91     2083       58
      92     2078       58
      93     2085       59
      94     2082       58
      95     2237       60
      96     2232       59
      97     1667       68
      98     2102       61
      99      109       68
     100      132       68
     101      166       68
     102     2117       68
     103     2060       68
     104     2085       68
     105     2084       68
     106     2085       68
     107     2084       68
     108      832       68
     109     2082       68
     110      515       68
     111      219       68
     112      100       68
     113      101       68
     114       82       68
     115       73       68
     116       68       68
     117       66       68
     118       60       68
     119       51       68
     120       48       68
     121       42       68
     122     2031       68
     123     1693       68
     124     2103       68
     125     2075       68
     126     2088       68
     127      117       68
     128       78       68
     129       76       68
     130      300       68
     131     2070       68
     132     1619       58
     133     2232       58
     134     1718       59
     135     2085       57
     136     1986       57
     137     2158       57
     138     2059       57
     139     2162       57
     140     2158       56
     141     2084       57
     142     2232       55
     143      575       56
     144     2082       55
     145     1364       55
     146     2101       56
     147     2122       55
     148     2084       56
     149     2209       55
     150      162       55
     151      109       56
     152       70       55
     153       65       56
     154       59       55
     155       60       56
     156       50       55
     157       51       55
     158       50       55
     159       45       55
     160       31       56
     161       31       55
     162     2097       56
     163     2121       55
     164     2094       55
     165     1257       55
     166     2101       55
     167     1876       57
     168     2234       55
     169     1928       58
     170     2054       55
     171     2057       57
     172     2232       56
     173     2077       57
     174     2158       56
     175     2084       57
     176     1248       65
     177     2083       56
     178      646      119
     179     2087      117
     180     1986       59
